RDO:;RDO NO. 51 - PASAY CITY;;;(Formerly RDO No. 33 - PASAY CITY);PROVINCE:;NCR;;;;CITY/MUNICIPALITY:;PASAY CITY;;;;BARANGAY:;BRGY 1 ZONE 1;;;;KUYEGKENG;;RR;3,000.00;;ROXAS BLVD;;RR;12,000.00;;ROXAS BLVD;;CR;15,000.00;;ROXAS BLVD;;RC;0.00;;ALL OTHER STREETS;;RR;2,000.00;;BARANGAY:;BRGY 2 ZONE 1;;;;CONCEPCION;ROXAS BLVD-HARRISION;RR;3,000.00;;F B HARRISON;;RR;5,000.00;;F B HARRISON;;CR;6,000.00;;KUYEGKENG;;RR;3,000.00;;ROXAS BLVD;;RR;12,000.00;;ROXAS BLVD;;CR;15,000.00;;ROXAS BLVD;;RC;0.00;;ALL OTHER STREETS;;RR;2,000.00;;BARANGAY:;BRGY 3 ZONE 1;;;;CONCEPCION;ROXAS BLVD HARRISON;RR;3,000.00;;COQUIOLAY;;RR;3,000.00;;F B HARRISON;CONCEPCION SALUD;RR;5,000.00;;F B HARRISON;CONCEPCION SALUD;CR;6,000.00;;KUYEGKENG;;RR;3,000.00;;LIMAN;;RR;2,000.00;;ROXAS BLVD;CONCEPCION SALUD;RR;12,000.00;;ROXAS BLVD;CONCEPCION SALUD;CR;15,000.00;;ROXAS BLVD;CONCEPCION SALUD;RC;0.00;;SALUD;ROXAS BLVD HARRISON;RR;3,000.00;;TANGKIAN;;RR;2,000.00;;ALL OTHER STREETS;;RR;2,000.00;;BARANGAY:;BRGY 14 ZONE 1;;;;BARANGAY:;BRGY 15 ZONE 1;;;;BARANGAY:;BRGY 16 ZONE 1;;;;BARANGAY:;BRGY 17 ZONE 1;;;;BARANGAY:;BRGY 4 ZONE 2;;;;COQUIOLAY;;RR;3,000.00;;F B HARRISON;SALUD N DEL ROSARIO;RR;5,000.00;;F B HARRISON;SALUD N DEL ROSARIO;CR;6,000.00;;KUYEGKENG;;RR;3,000.00;;LIMAN;;RR;2,000.00;;ROXAS BLVD;SALUD N DEL ROSARIO;RR;12,000.00;;ROXAS BLVD;SALUD N DEL ROSARIO;CR;15,000.00;;ROXAS BLVD;SALUD N DEL ROSARIO;RC;0.00;;SALUD;ROXAS BLVD HARRISON;RR;3,000.00;;TANGKIAN;;RR;2,000.00;;ALL OTHER STREETS;;RR;2,000.00;;BARANGAY:;BRGY 5 ZONE 2;;;;LOURDES;ROXAS BLVD HARRISON;RR;3,000.00;;NRA SRA DEL ROSARIO;ROXAS BLVD HARRISON;RR;3,000.00;;ROXAS BLVD;DEL ROSARIO LOURDES;RR;12,000.00;;ROXAS BLVD;DEL ROSARIO LOURDES;CR;15,000.00;;ROXAS BLVD;DEL ROSARIO LOURDES;RC;0.00;;ALL OTHER STREETS;;RR;2,000.00;;BARANGAY:;BRGY 6 ZONE 2;;;;DAPITAN;ROXAS BLVD HARRISON;RR;3,000.00;;F B HARRISON;LOURDES DAPITAN;RR;5,000.00;;F B HARRISON;LOURDES DAPITAN;CR;6,000.00;;LOURDES;ROXAS BLVD HARRISON;RR;3,000.00;;ROXAS BLVD;LOURDES DAPITAN;RR;12,000.00;;ROXAS BLVD;LOURDES DAPITAN;CR;15,000.00;;ROXAS BLVD;LOURDES DAPITAN;RC;0.00;;ALL OTHER STREETS;;RR;2,000.00;;ALL OTHER STREETS;** SEE PAGE 48;;;;BARANGAY:;BRGY 7 ZONE 2;;;;DAPITAN;ROXAS BLVD HARRISON;RR;3,000.00;;F B HARRISON;DAPITAN SAN JUAN;RR;5,000.00;;F B HARRISON;DAPITAN SAN JUAN;CR;6,000.00;;ROXAS BLVD;DAPITAN SAN JUAN;RR;12,000.00;;ROXAS BLVD;DAPITAN SAN JUAN;CR;15,000.00;;ROXAS BLVD;DAPITAN SAN JUAN;RC;0.00;;SAN JUAN;ROXAS BLVD HARRISON;RR;3,000.00;;ALL OTHER STREETS;;RR;2,000.00;;BARANGAY:;BRGY 8 ZONE 2;;;;F B HARRISON;SAN JUAN PERLA;RR;5,000.00;;F B HARRISON;SAN JUAN PERLA;CR;6,000.00;;PERLA;ROXAS BLVD HARRISON;RR;3,000.00;;ROXAS BLVD;SAN JUAN PERLA;RR;12,000.00;;ROXAS BLVD;SAN JUAN PERLA;CR;15,000.00;;ROXAS BLVD;SAN JUAN PERLA;RC;0.00;;SAN JUAN;ROXAS BLVD HARRISON;RR;3,000.00;;ALL OTHER STREETS;;RR;2,000.00;;BARANGAY:;BRGY 9 ZONE 2;;;;F B HARRISON;PERLA GIL PUYAT AVE;RR;5,000.00;;F B HARRISON;PERLA GIL PUYAT AVE;CR;6,000.00;;PERLA;ROXAS BLVD HARRISON;RR;3,000.00;;ROXAS BLVD;PERLA GIL PUYAT AVE;RR;12,000.00;;ROXAS BLVD;PERLA GIL PUYAT AVE;CR;15,000.00;;ROXAS BLVD;PERLA GIL PUYAT AVE;RC;0.00;;SEN GIL PUYAT;ROXAS BLVD HARRISON;RR;10,000.00;;SEN GIL PUYAT;ROXAS BLVD HARRISON;CR;12,000.00;;ALL OTHER STREETS;;RR;2,000.00;;BARANGAY:;BRGY 18 ZONE 2;;;;-;** SEE PAGE 48;;;;BARANGAY:;BRGY 19 ZONE 2;;;;BARANGAY:;BRGY 20 ZONE 2;;;;BARANGAY:;BRGY 21 ZONE 2;;;;BARANGAY:;BRGY 22 ZONE 2;;;;BARANGAY:;BRGY 23 ZONE 2;;;;DAVID;HARRISON LEVERIZA;RR;3,000.00;;F B HARRISON;SAN JUAN GIL PUYAT;RR;5,000.00;;F B HARRISON;SAN JUAN GIL PUYAT;CR;6,000.00;;LEVERIZA;SAN JUAN GIL PUYAT;RR;3,000.00;;LEVERIZA;SAN JUAN GIL PUYAT;CR;5,000.00;;SAN JUAN;HARRISON LEVERIZA;RR;3,000.00;;SEN GIL PUYAT;HARRISON LEVERIZA;RR;10,000.00;;SEN GIL PUYAT;HARRISON LEVERIZA;CR;12,000.00;;ALL OTHER STREETS;;RR;2,000.00;;BARANGAY:;BRGY 33 ZONE 3;;;;DONADA;MANILA BDRY FRESNO;RR;3,000.00;;DONADA;MANILA BDRY FRESNO;CR;5,000.00;;FRESNO;LEVERIZA DONADA;RR;3,000.00;;LEVERIZA;MANILA BDRY FRESNO;RR;3,000.00;;LEVERIZA;MANILA BDRY FRESNO;CR;5,000.00;;MENLO;LEVERIZA TAFT AVE;RR;3,000.00;;PRES OSMENA TAFT AVE;;RR;7,000.00;;PRES OSMENA TAFT AVE;;CR;10,000.00;;ALL OTHER STREETS;;RR;2,000.00;;BARANGAY:;BRGY 34 ZONE 3;;;;DONADA;;RR;3,000.00;;DONADA;;CR;5,000.00;;FRESNO;LEVERIZA DONADA;RR;3,000.00;;LEVERIZA;;RR;3,000.00;;LEVERIZA;;CR;5,000.00;;MARIA LIM;LEVERIZA DONADA;RR;3,000.00;;ALL OTHER STREETS;;RR;2,000.00;;BARANGAY:;BRGY 35 ZONE 3;;;;DONADA;;RR;3,000.00;;DONADA;;CR;5,000.00;;LEVERIZA;;RR;3,000.00;;LEVERIZA;;CR;5,000.00;;SAN JUAN;LEVERIZA DONADA;RR;3,000.00;;ALL OTHER STREETS;;RR;2,000.00;;BARANGAY:;BRGY 36 ZONE 3;;;;DONADA;FRESNO SAN JUAN;RR;3,000.00;;DONADA;FRESNO SAN JUAN;CR;5,000.00;;MARIA LIM;;RR;3,000.00;;PRES OSMENA TAFT AVE;;RR;7,000.00;;PRES OSMENA TAFT AVE;;CR;10,000.00;;SAN JUAN;DONADA TAFT AVE;RR;3,000.00;;ALL OTHER STREETS;;RR;2,000.00;;BARANGAY:;BRGY 37 ZONE 3;;;;DONADA;SAN JUAN GIL PUYAT;RR;3,000.00;;DONADA;SAN JUAN GIL PUYAT;CR;5,000.00;;LEVERIZA;SAN JUAN GIL PUYAT;RR;3,000.00;;LEVERIZA;SAN JUAN GIL PUYAT;CR;5,000.00;;PRES OSMENA TAFT AVE;SAN JUAN GIL PUYAT;RR;7,000.00;;PRES OSMENA TAFT AVE;SAN JUAN GIL PUYAT;CR;10,000.00;;SEN GIL PUYAT;LEVERIZA TAFT AVE;RR;10,000.00;;SEN GIL PUYAT;LEVERIZA TAFT AVE;CR;12,000.00;;ALL OTHER STREETS;;RR;2,000.00;;BARANGAY:;BRGY 10 ZONE 4;;;;ANTIPOLO;ROXAS BLVD HARRISON;RR;3,000.00;;F B HARRISON;GIL PUYAT ANTIPOLO;RR;5,000.00;;F B HARRISON;GIL PUYAT ANTIPOLO;CR;6,000.00;;ROXAS BLVD;GIL PUYAT ANTIPOLO;RR;12,000.00;;ROXAS BLVD;GIL PUYAT ANTIPOLO;CR;15,000.00;;ROXAS BLVD;GIL PUYAT ANTIPOLO;RC;0.00;;SEN GIL PUYAT;ROXAS BLVD HARRISON;RR;10,000.00;;SEN GIL PUYAT;ROXAS BLVD HARRISON;CR;12,000.00;;SANTA MONICA;ROXAS BLVD HARRISON;RR;3,000.00;;ALL OTHER STREETS;;RR;2,000.00;;BARANGAY:;BRGY 11 ZONE 4;;;;ANTIPOLO;ROXAS BLVD HARRISON;RR;3,000.00;;F B HARRISON;ANTIPOLO SAN LUIS;RR;5,000.00;;F B HARRISON;ANTIPOLO SAN LUIS;CR;6,000.00;;ROXAS BLVD;ANTIPOLO SAN LUIS;RR;12,000.00;;ROXAS BLVD;ANTIPOLO SAN LUIS;CR;15,000.00;;ROXAS BLVD;;RC;0.00;;SAN LUIS;ROXAS BLVD HARRISON;RR;3,000.00;;ALL OTHER STREETS;;RR;2,000.00;;BARANGAY:;BRGY 12 ZONE 4;;;;F B HARRISON;S LUIS S ESCOLASTICA;RR;5,000.00;;F B HARRISON;S LUIS S ESCOLASTICA;CR;6,000.00;;ROXAS BLVD;S LUIS S ESCOLASTICA;RR;12,000.00;;ROXAS BLVD;S LUIS S ESCOLASTICA;CR;15,000.00;;ROXAS BLVD;S LUIS S ESCOLASTICA;RC;0.00;;SAN LUIS;ROXAS BLVD HARRISON;RR;3,000.00;;SANTA ESCOLASTICA;ROXAS BLVD HARRISON;RR;3,000.00;;ALL OTHER STREETS;;RR;2,000.00;;BARANGAY:;BRGY 13 ZONE 4;;;;ARNAIZ AVE LIBERTAD;ROXAS BLVD HARRISON;RR;5,000.00;;ARNAIZ AVE LIBERTAD;ROXAS BLVD HARRISON;CR;10,000.00;;F B HARRISON;ESCOLASTICA LIBERTAD;RR;5,000.00;;F B HARRISON;ESCOLASTICA LIBERTAD;CR;6,000.00;;ROBERTS;ESCOLASTICA LIBERTAD;RR;3,000.00;;ROXAS BLVD;ESCOLASTICA LIBERTAD;RR;12,000.00;;ROXAS BLVD;ESCOLASTICA LIBERTAD;CR;15,000.00;;ROXAS BLVD;ESCOLASTICA LIBERTAD;RC;0.00;;SANTA ESCOLASTICA;ROXAS BLVD HARRISON;RR;3,000.00;;WILLIAMS;ROXAS BLVD HARRISON;RR;3,000.00;;ALL OTHER STREETS;;RR;2,000.00;;BARANGAY:;BRGY 24 ZONE 4;;;;F B HARRISON;GIL PUYAT VILLARUEL;RR;5,000.00;;F B HARRISON;GIL PUYAT VILLARUEL;CR;6,000.00;;SEN GIL PUYAT;;RR;10,000.00;;SEN GIL PUYAT;;CR;12,000.00;;VILLARUEL;;RR;3,000.00;;7TH STREET;;RR;2,000.00;;ALL OTHER STREETS;;RR;2,000.00;;BARANGAY:;BRGY 25 ZONE 4;;;;F B HARRISON;VILLARUEL M SANTOS;RR;5,000.00;;F B HARRISON;VILLARUEL M SANTOS;CR;6,000.00;;LAGING HANDA;VILLARUEL M SANTOS;RR;2,000.00;;M SANTOS;HARRISON 5 DE JUNIO;RR;3,000.00;;VILLARUEL;;RR;2,000.00;;ALL OTHER STREETS;;RR;2,000.00;;BARANGAY:;BRGY 26 ZONE 4;;;;ADVINCULA;HARRISON 5 DE JUNIO;RR;3,000.00;;CINCO DE JUNIO;M SANTOS MANAHAN;RR;2,000.00;;F B HARRISON;M SANTOS MANAHAN;RR;5,000.00;;F B HARRISON;M SANTOS MANAHAN;CR;6,000.00;;M SANTOS;HARRISON 5 DE JUNIO;RR;3,000.00;;MANAHAN;HARRISON 5 DE JUNIO;RR;3,000.00;;SANTIAGO;HARRISON 5 DE JUNIO;RR;3,000.00;;ALL OTHER STREETS;;RR;2,000.00;;BARANGAY:;BRGY 27 ZONE 4;;;;CINCO DE JUNIO;MANAHAN COL DORO;RR;2,000.00;;COL DORO;HARRISON 5 DE JUNIO;RR;3,000.00;;F B HARRISON;MANAHAN COL DORO;RR;5,000.00;;F B HARRISON;MANAHAN COL DORO;CR;6,000.00;;LIWAG;HARRISON 5 DE JUNIO;RR;3,000.00;;ALL OTHER STREETS;;RR;2,000.00;;BARANGAY:;BRGY 28 ZONE 4;;;;LAGING HANDA;VILLARUEL M SANTOS;RR;2,000.00;;LEVERIZA;GIL PUYAT M SANTOS;RR;3,000.00;;LEVERIZA;GIL PUYAT M SANTOS;CR;5,000.00;;SANTOS;LEVERIZA L HANDA;RR;2,000.00;;SEN GIL PUYAT;;RR;10,000.00;;SEN GIL PUYAT;;CR;12,000.00;;VILLARUEL;LEVERIZA L HANDA;RR;3,000.00;;ALL OTHER STREETS;;RR;2,000.00;;BARANGAY:;BRGY 29 ZONE 5;;;;CINCO DE JUNIO;SANTOS PROPETARIOS;RR;2,000.00;;LAGING HANDA;;RR;2,000.00;;LEVERIZA;SANTOS PROPETARIOS;RR;3,000.00;;LEVERIZA;SANTOS PROPETARIOS;CR;5,000.00;;PROPETARIOS;LEVERIZA 5 DE JUNIO;RR;2,000.00;;SANTOS;LEVERIZA L HANDA;RR;2,000.00;;ALL OTHER STREETS;;RR;2,000.00;;BARANGAY:;BRGY 30 ZONE 5;;;;CINCO DE JUNIO;PROPETARIOS MANAHAN;RR;2,000.00;;LEVERIZA;PROPETARIOS MANAHAN;RR;3,000.00;;LEVERIZA;PROPETARIOS MANAHAN;CR;5,000.00;;MANAHAN;LEVERIZA 5 DE JUNIO;RR;2,000.00;;PROPETARIOS;LEVERIZA 5 DE JUNIO;RR;2,000.00;;ALL OTHER STREETS;;RR;2,000.00;;BARANGAY:;BRGY 31 ZONE 5;;;;A MATEO;LEVERIZA 5 DE JUNIO;RR;2,000.00;;CINCO DE JUNIO;MANAHAN COL DORO;RR;2,000.00;;COL DORO;LEVERIZA 5 DE JUNIO;RR;2,000.00;;LEVERIZA;MANAHAN COL DORO;RR;3,000.00;;LEVERIZA;MANAHAN COL DORO;CR;5,000.00;;MANAHAN;LEVERIZA 5 DE JUNIO;RR;2,000.00;;TUPAZ;LEVERIZA 5 DE JUNIO;RR;2,000.00;;ALL OTHER STREETS;;RR;2,000.00;;BARANGAY:;BRGY 32 ZONE 5;;;;ARNAIZ AVE LIBERTAD;HARRISON LEVERIZA;RR;5,000.00;;ARNAIZ AVE LIBERTAD;HARRISON LEVERIZA;CR;10,000.00;;CINCO DE JUNIO;B LIBERTAD COL DORO;RR;2,000.00;;COL DORO;;RR;2,000.00;;F B HARRISON;;RR;5,000.00;;F B HARRISON;;CR;6,000.00;;LEVERIZA;;RR;3,000.00;;LEVERIZA;;CR;5,000.00;;MEDINA;LIBERTAD COL DORO;RR;2,000.00;;ALL OTHER STREETS;;RR;2,000.00;;BARANGAY:;BRGY 38 ZONE 5;;;;A LUNA;;RR;3,000.00;;A LUNA;;CR;5,000.00;;A LUNA;;RC;10,000.00;;A PABLO;LEVERIZA A LUNA;RR;2,000.00;;ANGELITA;LEVERIZA A LUNA;RR;2,000.00;;G REYES;LEVERIZA A LUNA;RR;2,000.00;;LEVERIZA;GIL PUYAT A PABLO;RR;3,000.00;;LEVERIZA;GIL PUYAT A PABLO;CR;5,000.00;;PRES OSMENA TAFT AVE;;RR;7,000.00;;PRES OSMENA TAFT AVE;;CR;10,000.00;;SEN GIL PUYAT AVE;TAFT AVE LEVERIZA;RR;10,000.00;;SEN GIL PUYAT AVE;TAFT AVE LEVERIZA;CR;12,000.00;;TANAWIN;;RR;2,000.00;;VILLARUEL;LEVERIZA A LUNA;RR;3,000.00;;VILLARUEL;LEVERIZA A LUNA;RC;10,000.00;;ALL OTHER STREETS;;RR;2,000.00;;BARANGAY:;BRGY 39 ZONE 5;;;;A LUNA;A PABLO LUCBAN;RR;3,000.00;;A LUNA;A PABLO LUCBAN;CR;5,000.00;;A PABLO;LEVERIZA A LUNA;RR;2,000.00;;CARTIMAR;;CR;5,000.00;;DANCEL;LEVERIZA A LUNA;RR;2,000.00;;DONA NONENG;MABOLO DANCEL;RR;2,000.00;;LEVERIZA;A PABLO LUCBAN;RR;3,000.00;;LEVERIZA;A PABLO LUCBAN;CR;5,000.00;;LUKBAN;TAFT AVE LEVERIZA;RR;3,000.00;;MABOLO;LEVERIZA A LUNA;RR;2,000.00;;PRES OSMENA TAFT AVE;;RR;7,000.00;;PRES OSMENA TAFT AVE;;CR;10,000.00;;ALL OTHER STREETS;;RR;2,000.00;;BARANGAY:;BRGY 40 ZONE 5;;;;A LUNA;LIBERTAD LUCBAN;RR;3,000.00;;A LUNA;LIBERTAD LUCBAN;CR;5,000.00;;ARNAIZ AVE LIBERTAD;TAFT AVE LUCBAN;RR;5,000.00;;ARNAIZ AVE LIBERTAD;TAFT AVE LUCBAN;CR;10,000.00;;GRANADA;;RR;2,000.00;;LEVERIZA;LIBERTAD LUCBAN;RR;3,000.00;;LEVERIZA;LIBERTAD LUCBAN;CR;5,000.00;;LUKBAN;TAFT AVE LEVERIZA;RR;3,000.00;;LUNA;;RR;3,000.00;;PRES OSMENA TAFT AVE;LIBERTAD LUCBAN;RR;7,000.00;;PRES OSMENA TAFT AVE;LIBERTAD LUCBAN;CR;10,000.00;;ALL OTHER STREETS;;RR;2,000.00;;BARANGAY:;BRGY 41 ZONE 4;;;;BALITE;DOMINGA SANDEJAS;RR;3,000.00;;DOMINGA;MLA BDRY BALITE;RR;3,000.00;;INQUIMBOY;TAFT AVE SANDEJAS;RR;3,000.00;;PRES OSMENA;MLA BDRY INQUIMBOY;RR;7,000.00;;PRES OSMENA;MLA BDRY INQUIMBOY;CR;10,000.00;;SANDEJAS;MLA BDRY BALITE;RR;3,000.00;;13TH DE AGOSTO;TAFT AVE SANDEJAS;RR;3,000.00;;13TH DE NOVIEMBRE;TAFT AVE SANDEJAS;RR;3,000.00;;ALL OTHER STREETS;;RR;2,000.00;;BARANGAY:;BRGY 42 ZONE 6;;;;BARANGAY:;BRGY 43 ZONE 6;;;;BARANGAY:;BRGY 44 ZONE 6;;;;BERNABE;TAFT AVE SANDEJAS;RR;3,000.00;;BONIFACIO;;RR;3,000.00;;DOMINGA;;RR;3,000.00;;INQUIMBOY;;RR;3,000.00;;LAKAS NG BAYAN;;RR;3,000.00;;LEOGARDO;;RR;3,000.00;;PRES OSMENA TAFT AVE;;RR;7,000.00;;PRES OSMENA TAFT AVE;;CR;10,000.00;;SANDEJAS;BALITE L N BAYAN;RR;3,000.00;;ALL OTHER STREETS;;RR;2,000.00;;BARANGAY:;BRGY 45 ZONE 6;;;;BARANGAY:;BRGY 46 ZONE 6;;;;BARANGAY:;BRGY 47 ZONE 6;;;;DOMINGA;L N BAYAN GIL PUYAT;RR;3,000.00;;LAKAS NG BAYAN;TAFT AVE DOMINGA;RR;3,000.00;;PRES OSMENA TAFT AVE;L N BAYAN GIL PUYAT;RR;7,000.00;;PRES OSMENA TAFT AVE;L N BAYAN GIL PUYAT;CR;10,000.00;;SAMONTE;TAFT AVE SANDEJAS;RR;3,000.00;;SANDEJAS;L N BAYAN GIL PUYAT;RR;3,000.00;;SEN GIL PUYAT;TAFT AVE DOMINGA;RR;10,000.00;;SEN GIL PUYAT;TAFT AVE DOMINGA;CR;12,000.00;;ALL OTHER STREETS;;RR;2,000.00;;BARANGAY:;BRGY 48 ZONE 6;;;;BARANGAY:;BRGY 49 ZONE 7;;;;FERNANDO;GIL PUYAT RIVERA;RR;3,000.00;;PRES OSMENA TAFT AVE;GIL PUYAT RIVERA;RR;7,000.00;;PRES OSMENA TAFT AVE;GIL PUYAT RIVERA;CR;10,000.00;;RIVERA;TAFT AVE FERNANDO;RR;3,000.00;;SEN GIL PUYAT AVE;TAFT AVE FERNANDO;RR;10,000.00;;SEN GIL PUYAT AVE;TAFT AVE FERNANDO;CR;12,000.00;;ALL OTHER STREETS;;RR;2,000.00;;BARANGAY:;BRGY 50 ZONE 7;;;;BARANGAY:;BRGY 52 ZONE 7;;;;DOMINGA;GIL PUYAT VILLANUEVA;RR;3,000.00;;FERNANDO;GIL PUYAT VILLANUEVA;RR;3,000.00;;PRES OSMENA TAFT AVE;RIVERA VILLANUEVA;RR;7,000.00;;PRES OSMENA TAFT AVE;RIVERA VILLANUEVA;CR;10,000.00;;RIVERA;TAFT AVE FERNANDO;RR;3,000.00;;VILLANUEVA;TAFT AVE DOMINGA;RR;3,000.00;;ALL OTHER STREETS;;RR;2,000.00;;BARANGAY:;BRGY 53 ZONE 7;;;;BARANGAY:;BRGY 55 ZONE 7;;;;DOMINGA;VILLANUEVA TAYLO;RR;3,000.00;;PRES OSMENA TAFT AVE;VILLANUEVA TAYLO;RR;7,000.00;;PRES OSMENA TAFT AVE;VILLANUEVA TAYLO;CR;10,000.00;;TAYLO;TAFT AVE DOMINGA;RR;3,000.00;;VILLANUEVA;TAFT AVE DOMINGA;RR;3,000.00;;ALL OTHER STREETS;;RR;2,000.00;;BARANGAY:;BRGY 56 ZONE 7;;;;BARANGAY:;BRGY 58 ZONE 7;;;;COLLEGE ROAD;TAFT AVE DOMINGA;RR;3,000.00;;DOMINGA;TAYLO ROSARIO;RR;3,000.00;;FERNANDO;TAFT AVE DOMINGA;RR;3,000.00;;PRES OSMENA TAFT AVE;TAYLO ROSARIO;RR;7,000.00;;PRES OSMENA TAFT AVE;TAYLO ROSARIO;CR;10,000.00;;ROSARIO;;RR;3,000.00;;TAYLO;TAFT AVE DOMINGA;RR;3,000.00;;ALL OTHER STREETS;;RR;2,000.00;;BARANGAY:;BRGY 59 ZONE 7;;;;ARNAIZ AVE LIBERTAD;TAFT AVE DOMINGA;RR;5,000.00;;ARNAIZ AVE LIBERTAD;TAFT AVE DOMINGA;CR;10,000.00;;DECENA;ROSARIO LIBERTAD;RR;3,000.00;;DOMINGA;LIBERTAD ROSARIO;RR;3,000.00;;PRES OSMENA TAFT AVE;;RR;7,000.00;;PRES OSMENA TAFT AVE;;CR;10,000.00;;ROSARIO;;RR;3,000.00;;VILLAREAL;TAFT AVE DOMINGA;RR;3,000.00;;ALL OTHER STREETS;;RR;2,000.00;;BARANGAY:;BRGY 60 ZONE 7;;;;BARANGAY:;BRGY 51 ZONE 8;;;;BARANGAY:;BRGY 54 ZONE 8;;;;BARANGAY:;BRGY 57 ZONE 8;;;;BARANGAY:;BRGY 61 ZONE 8;;;;BARANGAY:;BRGY 62 ZONE 8;;;;BARANGAY:;BRGY 63 ZONE 8;;;;BARANGAY:;BRGY 64 ZONE 8;;;;BARANGAY:;BRGY 65 ZONE 8;;;;BARANGAY:;BRGY 66 ZONE 8;;;;BARANGAY:;BRGY 67 ZONE 8;;;;BARANGAY:;BRGY 68 ZONE 9;;;;ARNAIZ AVE LIBERTAD;HARRISON CUNETA;RR;5,000.00;;ARNAIZ AVE LIBERTAD;HARRISON CUNETA;CR;10,000.00;;CUENCA;LIBERTAD PALM COURT;RR;3,000.00;;F B HARRIZON;LIBERTAD PALM COURT;RR;5,000.00;;F B HARRIZON;LIBERTAD PALM COURT;CR;6,000.00;;PALM COURT;HARRISON CUNETA;RR;3,000.00;;ALL OTHER STREETS;;RR;2,000.00;;BARANGAY:;BRGY 69 ZONE 9;;;;ARNAIZ AVE LIBERTAD;PARK AVE CUENCA;RR;5,000.00;;ARNAIZ AVE LIBERTAD;PARK AVE CUENCA;CR;10,000.00;;CUENCA;LIBERTAD PESTANA;RR;3,000.00;;PARK AVE;LIBERTAD PESTANA;RR;3,000.00;;PARK AVE;LIBERTAD PESTANA;CR;5,000.00;;PESTANA;CUENCA PARK AVE;RR;3,000.00;;ALL OTHER STREETS;;RR;2,000.00;;BARANGAY:;BRGY 70 ZONE 9;;;;F B HARRIZON;PALM COURT GALVEZ;RR;5,000.00;;F B HARRIZON;PALM COURT GALVEZ;CR;6,000.00;;FIGUEROA;GALVEZ PESTANA;RR;3,000.00;;FIGUEROA;GALVEZ PESTANAS;CR;5,000.00;;J S GALVEZ AVE;HARRIZON FIGUERROA;RR;3,000.00;;MOANA;;RR;3,000.00;;OFFAREL;;RR;3,000.00;;PALM COURT;HARRISON CUENCA;RR;3,000.00;;PASADENA;;RR;3,000.00;;PESTANA;CUENCA FIGUERROA;RR;3,000.00;;VALHALA;;RR;3,000.00;;ALL OTHER STREETS;;RR;2,000.00;;BARANGAY:;BRGY 71 ZONE 9;;;;FIGUEROA;;RR;3,000.00;;FIGUEROA;;CR;5,000.00;;OFFAREL;FIGUERROA PARK AVE;RR;3,000.00;;PARK AVE;PESTANA OFFAREL;RR;3,000.00;;PARK AVE;PESTANA OFFAREL;CR;5,000.00;;PESTANA;;RR;3,000.00;;PRIMERO DE MAYO;;RR;2,000.00;;ALL OTHER STREET;;RR;2,000.00;;BARANGAY:    BRGY 72 ZONE 9;;;;;FIGUEROA;OFFAREL GALVEZ AVE;RR;3,000.00;;FIGUEROA;OFFAREL GALVEZ AVE;CR;5,000.00;;GALVEZ AVE;FIGUERROA PARK AVE;RR;3,000.00;;KALIGTASAN;;RR;3,000.00;;OFFAREL;FIGUERROA PARK AVE;RR;3,000.00;;PARK AVE;OFFAREL GALVEZ;RR;3,000.00;;PARK AVE;OFFAREL GALVEZ;CR;5,000.00;;TORRES;;RR;3,000.00;;ALL OTHER STREETS;;RR;2,000.00;;BARANGAY:;BRGY 85 ZONE 9;;;;CLAUDIO;TAFT AVE VILLANUEVA;RR;3,000.00;;GALVEZ AVE;PARK AVE VILLANUEVA;RR;3,000.00;;GRAFFY;;RR;3,000.00;;PARK AVE;GALVEZ AVE SANCHEZ;RR;3,000.00;;PARK AVE;GALVEZ AVE SANCHEZ;CR;5,000.00;;PRES OSMENA TAFT AVE;CLAUDIO SANCHEZ;RR;7,000.00;;PRES OSMENA TAFT AVE;CLAUDIO SANCHEZ;CR;10,000.00;;REYES;PARK AVE VILLANUEVA;RR;3,000.00;;SANCHEZ;PARK AVE TAFT AVE;RR;3,000.00;;ALL OTHER STREETS;;RR;2,000.00;;BARANGAY:;BRGY 86 ZONE 9;;;;CLAUDIO;TAFT AVE VILLANUEVA;RR;3,000.00;;LIONS CLUB;TAFT AVE VILLANUEVA;RR;3,000.00;;PRES OSMENA TAFT AVE;LION'S CLUB CLAUDIO;RR;7,000.00;;PRES OSMENA TAFT AVE;LION'S CLUB CLAUDIO;CR;10,000.00;;VILLANUEVA;LIONS CLUB CLAUDIO;RR;3,000.00;;ALL OTHER STREETS;;RR;2,000.00;;BARANGAY:;BRGY 87 ZONE 9;;;;LIONS CLUB;TAFT AVE VILLANUEVA;RR;3,000.00;;PRES OSMENA TAFT AVE;RAYMUNDO LIONS CLUB;RR;7,000.00;;PRES OSMENA TAFT AVE;RAYMUNDO LIONS CLUB;CR;10,000.00;;RAYMUNDO;TAFT AVE VILLANUEVA;RR;3,000.00;;VILLANUEVA;RAYMUNDO LIONS CLUB;RR;3,000.00;;ALL OTHER STREETS;;RR;2,000.00;;BARANGAY:;BRGY 88 ZONE 9;;;;GALVEZ AVE;VILLANUEVA PARK AVE;RR;3,000.00;;GARCIA;PARK AVE VILLANUEVA;RR;3,000.00;;MAYO UNO;PARK AVE VILLANUEVA;RR;3,000.00;;PARK AVE;MAYO UNO GALVEZ AVE;RR;3,000.00;;PARK AVE;MAYO UNO GALVEZ AVE;CR;5,000.00;;VILLANUEVA;MAYO UNO GALVEZ AVE;RR;3,000.00;;ALL OTHER STREETS;;RR;2,000.00;;BARANGAY:;BRGY 89 ZONE 9;;;;ESCOBAR;TAFT AVE VILLANUEVA;RR;3,000.00;;PRES OSMENA TAFT AVE;ESCOBAR RAYMUNDO;RR;7,000.00;;PRES OSMENA TAFT AVE;ESCOBAR RAYMUNDO;CR;10,000.00;;RAYMUNDO;TAFT AVE VILLANUEVA;RR;3,000.00;;VILLANUEVA;ESCOBAR RAYMUNDO;RR;3,000.00;;ALL OTHER STREETS;;RR;2,000.00;;BARANGAY:;BRGY 90 ZONE 9;;;;ESCOBAR;TAFT AVE VILLANUEVA;RR;3,000.00;;GIDEON;;RR;3,000.00;;MAYO UNO;TAFT AVE VILLANUEVA;RR;3,000.00;;PRES OSMENA TAFT AVE;MAYO UNO ESCOBAR;RR;7,000.00;;PRES OSMENA TAFT AVE;MAYO UNO ESCOBAR;CR;10,000.00;;VILLANUEVA;MAYO UNO ESCOBAR;RR;3,000.00;;ALL OTHER STREETS;;RR;2,000.00;;BARANGAY:;BRGY 91 ZONE 9;;;;MAYO UNO;PARK AVE TAFT AVE;RR;3,000.00;;PARK AVE;REMY MAYO UNO;RR;3,000.00;;PARK AVE;REMY MAYO UNO;CR;5,000.00;;PRES OSMENA TAFT AVE;REMY MAYO UNO;RR;7,000.00;;PRES OSMENA TAFT AVE;REMY MAYO UNO;CR;10,000.00;;REMY;PARK AVE VILLANUEVA;RR;3,000.00;;VILLANUEVA;REMY MAYO UNO;RR;3,000.00;;ALL OTHER STREETS;;RR;2,000.00;;BARANGAY:;BRGY 92 ZONE 9;;;;ARNAIZ AVE LIBERTAD;TAFT AVE PARK AVE;RR;5,000.00;;ARNAIZ AVE LIBERTAD;TAFT AVE PARK AVE;CR;10,000.00;;PARK AVE;LIBERTAD REMY;RR;3,000.00;;PARK AVE;LIBERTAD REMY;CR;5,000.00;;PRES OSMENA TAFT AVE;LIBERTAD REMY;RR;7,000.00;;PRES OSMENA TAFT AVE;LIBERTAD REMY;CR;10,000.00;;REMY;PARK AVE VILLANUEVA;RR;3,000.00;;VILLANUEVA;LIBERTAD REMY;RR;3,000.00;;ALL OTHER STREETS;;RR;2,000.00;;BARANGAY:;BRGY 73 ZONE 10;;;;F B HARIZON;GALVEZ AVE IGNACIO;RR;5,000.00;;F B HARIZON;GALVEZ AVE IGNACIO;CR;6,000.00;;FIGUEROA;GALVEZ AVE IGNACIO;RR;3,000.00;;FIGUEROA;GALVEZ AVE IGNACIO;CR;5,000.00;;GALVEZ AVE;HARRIZON FIGUERROA;RR;3,000.00;;IGNACIO;HARRIZON FIGUERROA;RR;3,000.00;;IGNACIO;HARRIZON FIGUERROA;CR;5,000.00;;ALL OTHER STREETS;;RR;2,000.00;;BARANGAY:;BRGY 74 ZONE 10;;;;FIGUEROA;GALVEZ AVE IGNACIO;RR;3,000.00;;FIGUEROA;GALVEZ AVE IGNACIO;CR;5,000.00;;GRACE;PARK AVE FIGUERROA;RR;3,000.00;;IGNACIO;PARK AVE FIGUERROA;RR;3,000.00;;IGNACIO;PARK AVE FIGUERROA;CR;5,000.00;;PARK AVE;GALVEZ AVE IGNACIO;RR;3,000.00;;PARK AVE;GALVEZ AVE IGNACIO;CR;5,000.00;;ALL OTHER STREETS;;RR;2,000.00;;ALL OTHER STREETS;;CR;3,000.00;;BARANGAY:;BRGY 75 ZONE 10;;;;CUNETA AVE;FB HARRIZON PARK AVE;RR;5,000.00;;CUNETA AVE;FB HARRIZON PARK AVE;CR;6,000.00;;F B HARRIZON;IGNACIO CUNETA AVE;CR;6,000.00;;F B HARRIZON;IGNACIO CUNETA AVE;RR;5,000.00;;IGNACIO;FB HARRIZON PARK AVE;CR;5,000.00;;IGNACIO;FB HARRIZON PARK AVE;RR;3,000.00;;P CELLES;IGNACIO CUNETA AVE;RR;3,000.00;;PARK AVE;IGNACIO CUNETA AVE;CR;5,000.00;;PARK AVE;IGNACIO CUNETA AVE;RR;3,000.00;;ALL OTHER STREETS;;RR;2,000.00;;ALL OTHER STREETS;;CR;3,000.00;;BARANGAY:;BRGY 76 ZONE 10;;;;ARNAIZ AVE LIBERTAD;ROXAS BLVD HARRISON;CR;10,000.00;;ARNAIZ AVE LIBERTAD;ROXAS BLVD HARRISON;RR;5,000.00;;CUNETA AVE;ROXAS BLVD HARRISON;CR;6,000.00;;CUNETA AVE;ROXAS BLVD HARRISON;RR;5,000.00;;DERHAM PARK;ROXAS BLVD HARRISON;CR;6,000.00;;DON HERNANDEZ;ROXAS BLVD HARRISON;CR;6,000.00;;DON HERNANDEZ;ROXAS BLVD HARRISON;RR;5,000.00;;F B HARISON;LIBERTAD PQUE BDRY;CR;6,000.00;;F B HARISON;LIBERTAD PQUE BDRY;RR;5,000.00;;LANCASTER;;CR;6,000.00;;LANCASTER;;RR;5,000.00;;NAUSTON;ROXAS BLVD HARRISON;CR;6,000.00;;NAUSTON;ROXAS BLVD HARRISON;RR;5,000.00;;ORTIGAS AVE;ROXAS BLVD HARRISON;CR;6,000.00;;ORTIGAS AVE;ROXAS BLVD HARRISON;RR;5,000.00;;P LOVINA;ROXAS BLVD HARRISON;CR;6,000.00;;P LOVINA;ROXAS BLVD HARRISON;RR;5,000.00;;ROXAS BLVD;LIBERTAD PQUE BDRY;RC;0.00;;ROXAS BLVD;LIBERTAD PQUE BDRY;CR;15,000.00;;ROXAS BLVD;LIBERTAD PQUE BDRY;RR;12,000.00;;RUSSEL;ROXAS BLVD HARRISON;CR;6,000.00;;RUSSEL;;RR;5,000.00;;SHADY LANE;;CR;6,000.00;;SHADY LANE;;RR;5,000.00;;ALL OTHER STREETS;;CR;5,000.00;;ALL OTHER STREETS;;RR;3,000.00;;BARANGAY:;BRGY 77 ZONE 10;;;;ANGELES;;CR;5,000.00;;ANGELES;;RR;3,000.00;;CAPT AMBO;HARRISON TAFT AVE;CR;6,000.00;;CAPT AMBO;HARRISON TAFT AVE;RR;5,000.00;;CUNETA AVE;;CR;6,000.00;;CUNETA AVE;;RR;5,000.00;;FERNANDO;;CR;6,000.00;;FERNANDO;;RR;5,000.00;;M ACOSTA;;CR;6,000.00;;M ACOSTA;;RR;5,000.00;;PARK AVE;CUNETA AVE TAFT AVE;CR;6,000.00;;PARK AVE;CUNETA AVE TAFT AVE;RR;5,000.00;;ALL OTHER STREETS;;CR;5,000.00;;ALL OTHER STREETS;;RR;3,000.00;;BARANGAY:;BRGY 78 ZONE 10;;;;AGTARAP;HARRISON TAFT AVE;CR;6,000.00;;AGTARAP;HARRISON TAFT AVE;RR;5,000.00;;CAPT AMBO;HARRISON TAFT AVE;CR;6,000.00;;CAPT AMBO;HARRISON TAFT AVE;RR;5,000.00;;F B HARRISON;CAPT AMBO PQUE BDRY;CR;6,000.00;;F B HARRISON;CAPT AMBO PQUE BDRY;RR;5,000.00;;PRES OSMENA TAFT AVE;PARK AVE PQUE BDRY;CR;10,000.00;;PRES OSMENA TAFT AVE;PARK AVE PQUE BDRY;RR;7,000.00;;ALL OTHER STREETS;;CR;5,000.00;;ALL OTHER STREETS;;RR;3,000.00;;BARANGAY:;BRGY 79 ZONE 10;;;;ANGELES;PARK AVE TAFT AVE;CR;5,000.00;;ANGELES;PARK AVE TAFT AVE;RR;3,000.00;;CUNETA AVE;PARK AVE TAFT AVE;CR;6,000.00;;CUNETA AVE;PARK AVE TAFT AVE;RR;5,000.00;;F REIN;PARK AVE TAFT AVE;CR;5,000.00;;F REIN;PARK AVE TAFT AVE;RR;3,000.00;;PARK AVE;F REIN TAFT AVE;CR;5,000.00;;PARK AVE;F REIN TAFT AVE;RR;3,000.00;;PRES OSMENA TAFT AVE;EDSA CAPT AMBO;CR;10,000.00;;PRES OSMENA TAFT AVE;EDSA CAPT AMBO;RR;7,000.00;;ALL OTHER STREETS;;CR;5,000.00;;ALL OTHER STREETS;;RR;3,000.00;;BARANGAY:;BRGY 80 ZONE 10;;;;DOMINGO;TAFT AVE PARK AVE;CR;5,000.00;;DOMINGO;TAFT AVE PARK AVE;RR;3,000.00;;F REIN;PARK AVE MARQUINA;CR;5,000.00;;F REIN;PARK AVE MARQUINA;RR;3,000.00;;LORING;PARK AVE MARQUINA;CR;5,000.00;;LORING;PARK AVE MARQUINA;RR;3,000.00;;MARQUINA;DOMINGO F REIN;CR;5,000.00;;MARQUINA;DOMINGO F REIN;RR;3,000.00;;PARK AVE;DOMINGO F REIN;CR;5,000.00;;PARK AVE;DOMINGO F REIN;RR;3,000.00;;ALL OTHER STREETS;;CR;5,000.00;;ALL OTHER STREETS;;RR;3,000.00;;BARANGAY:;BRGY 81 ZONE 10;;;;N DOMINGO;PARK AVE VILLANUEVA;RR;3,000.00;;PARK AVE;SANDCHEZ DOMINGO;CR;5,000.00;;PARK AVE;SANDCHEZ DOMINGO;RR;3,000.00;;SANCHEZ;PARK AVE VILLANUEVA;CR;5,000.00;;SANCHEZ;PARK AVE VILLANUEVA;RR;3,000.00;;VILLANUEVA;SANCHEZ DOMINGO;RR;3,000.00;;ALL OTHER STREETS;;CR;5,000.00;;ALL OTHER STREETS;;RR;3,000.00;;BARANGAY:;BRGY 82 ZONE 10;;;;MARQUINA;SANCHEZ DOMINGO;CR;5,000.00;;MARQUINA;SANCHEZ DOMINGO;RR;3,000.00;;N DOMINGO;VILLANUEVA MARQUINA;RR;3,000.00;;SANCHEZ;TAFT AVE VILLANUEVA;CR;5,000.00;;SANCHEZ;TAFT AVE VILLANUEVA;RR;3,000.00;;VILLANUEVA;SANCHEZ DOMINGO;RR;3,000.00;;ALL OTHER STREETS;;CR;5,000.00;;ALL OTHER STREETS;;RR;3,000.00;;BARANGAY:;BRGY 83 ZONE 10;;;;F REIN;TAFT AVE MARQUINA;CR;5,000.00;;F REIN;TAFT AVE MARQUINA;RR;3,000.00;;MARQUINA;DOMINGO F REIN;CR;5,000.00;;MARQUINA;DOMINGO F REIN;RR;3,000.00;;N DOMINGO;TAFT AVE MARQUINA;RR;3,000.00;;PILAPIL;DOMINGO F REIN;CR;5,000.00;;PILAPIL;DOMINGO F REIN;RR;3,000.00;;PRES OSMENA TAFT AVE;DOMINGO F REIN;CR;10,000.00;;PRES OSMENA TAFT AVE;DOMINGO F REIN;RR;7,000.00;;ALL OTHER STREETS;;CR;5,000.00;;ALL OTHER STREETS;;RR;3,000.00;;BARANGAY:;BRGY 84 ZONE 10;;;;MARQUINA;SANCHEZ DOMINGO;CR;5,000.00;;MARQUINA;SANCHEZ DOMINGO;RR;3,000.00;;N DOMINGO;TAFT AVE MARQUINA;RR;3,000.00;;PRES OSMENA TAFT AVE;SANCHEZ DOMINGO;CR;10,000.00;;PRES OSMENA TAFT AVE;SANCHEZ DOMINGO;RR;7,000.00;;SANCHEZ;TAFT AVE MARQUINA;CR;5,000.00;;SANCHEZ;TAFT AVE MARQUINA;RR;3,000.00;;ALL OTHER STREETS;;CR;5,000.00;;ALL OTHER STREETS;;RR;3,000.00;;BARANGAY:;BRGY 93 ZONE 11;;;;DECENA;INOCENCIO PROTACIO;RR;3,000.00;;INOCENCIO;TAFT AVE DECENA;RR;3,000.00;;PRES OSMENA TAFT AVE;INOCENCIO PROTACIO;CR;10,000.00;;PRES OSMENA TAFT AVE;INOCENCIO PROTACIO;RR;7,000.00;;PROTACIO;TAFT AVE DECENA;RR;3,000.00;;PROTACIO;TAFT AVE DECENA;CR;5,000.00;;ALL OTHER STREETS;;RR;2,000.00;;BARANGAY:;BRGY 94 ZONE 11;;;;ARNAIZ AVE LIBERTAD;TAFT AVE DECENA;RR;5,000.00;;ARNAIZ AVE LIBERTAD;TAFT AVE DECENA;CR;10,000.00;;CELEDONA;TAFT AVE DECENA;RR;3,000.00;;DECENA;LIBERTAD INOCENCIO;RR;3,000.00;;INOCENCIO;TAFT AVE DECENA;RR;3,000.00;;MENDOZA;TAFT AVE DECENA;RR;3,000.00;;PRES OSMENA TAFT AVE;LIBERTAD INOCENCIO;CR;10,000.00;;PRES OSMENA TAFT AVE;LIBERTAD INOCENCIO;RR;7,000.00;;ALL OTHER STREETS;;CR;3,000.00;;ALL OTHER STREETS;;RR;2,000.00;;BARANGAY:;BRGY 95 ZONE 11;;;;ARNAIZ AVE LIBERTAD;ZAMORA DECENA;CR;10,000.00;;ARNAIZ AVE LIBERTAD;ZAMORA DECENA;RR;5,000.00;;CERIAL;DECENA ZAMORA;RR;3,000.00;;DECENA;LIBERTAD INOCENCIO;RR;3,000.00;;GUZMAN;DECENA ZAMORA;RR;3,000.00;;INOCENCIO;DECENA ZAMORA;RR;3,000.00;;LAUREL;DECENA ZAMORA;RR;3,000.00;;TIAGO;DECENA ZAMORA;RR;3,000.00;;ZAMORA;LIBERTAD ZAMORA;RR;3,000.00;;ALL OTHER STREETS;;RR;2,000.00;;BARANGAY:;BRGY 96 ZONE 11;;;;DECENA;INOCENCIO PROTACIO;RR;3,000.00;;INOCENCIO;ZAMORA DECENA;RR;3,000.00;;PROTACIO;ZAMORA DECENA;RR;3,000.00;;ZAMORA;INOCENCIO PROTACIO;RR;3,000.00;;ALL OTHER STREETS;;RR;2,000.00;;BARANGAY:;BRGY 101 ZONE 11;;;;BARANGAY:;BRGY 102 ZONE 11;;;;BARANGAY:;BRGY 103 ZONE 11;;;;BARANGAY:;BRGY 105 ZONE 11;;;;BARANGAY:;BRGY 106 ZONE 11;;;;BARANGAY:;BRGY 107 ZONE 11;;;;BARANGAY:;BRGY 104 ZONE 12;;;;BARANGAY:;BRGY 108 ZONE 12;;;;BARANGAY:;BRGY 109 ZONE 12;;;;BARANGAY:;BRGY 110 ZONE 12;;;;BARANGAY:;BRGY 111 ZONE 12;;;;BARANGAY:;BRGY 112 ZONE 12;;;;BARANGAY:;BRGY 120 ZONE 12;;;;BARANGAY:;BRGY 121 ZONE 14;;;;BARANGAY:;BRGY 122 ZONE 12;;;;BARANGAY:;BRGY 123 ZONE 12;;;;BARANGAY:;BRGY 124 ZONE 12;;;;BARANGAY:;BRGY 125 ZONE 12;;;;BARANGAY:;BRGY 126 ZONE 12;;;;BARANGAY:;BRGY 127 ZONE 13;;;;BARANGAY:;BRGY 128 ZONE 13;;;;ARNAIZ AVE LIBERTAD;DELA CRUZ MKTI BDRY;CR;10,000.00;;ARNAIZ AVE LIBERTAD;DELA CRUZ MKTI BDRY;RR;5,000.00;;CONCHITA;;RR;2,000.00;;CORAZON;;RR;2,000.00;;ESGUERRA;DELA CRUZ MKTI BDRY;RR;2,000.00;;LERMA;;RR;2,000.00;;M DELA CRUZ;LIBERTAD ESGUERRA;RR;2,000.00;;MARY LUZ;;RR;2,000.00;;ALL OTHER STREETS;;RR;2,000.00;;BARANGAY:;BRGY 129 ZONE 13;;;;BARANGAY:;BRGY 130 ZONE 13;;;;GEORGE;DELA CRUZ MKTI BDRY;RR;2,000.00;;ESGUERRA;DELA CRUZ MKTI BDRY;RR;2,000.00;;EUGENIO;;RR;2,000.00;;LERMA;;RR;2,000.00;;M DELA CRUZ;ESGUERRA D GEORGE;RR;2,000.00;;TOMI;;RR;2,000.00;;ALL OTHER STREETS;;RR;2,000.00;;BARANGAY:;BRGY 131 ZONE 13;;;;BARANGAY:;BRGY 132 ZONE 13;;;;CANDY;;RR;2,000.00;;D GEORGE;DELA CRUZ MKTI BDRY;RR;2,000.00;;M DELA CRUZ;D GEORGE MATIBAY;RR;2,000.00;;VALERIO;;RR;2,000.00;;16 DE AGOSTO;;RR;2,000.00;;ALL OTHER STREETS;;RR;2,000.00;;MATIBAY;;RR;2,000.00;;BARANGAY:;BRGY 133 ZONE 13;;;;BARANGAY:;BRGY 134 ZONE 13;;;;M DELA CRUZ;MATIBAY RODRIGUEZ;RR;2,000.00;;MATIBAY;;RR;2,000.00;;RODRIGUEZ;DELA CRUZ MKTI BDRY;RR;2,000.00;;SANTOS;;RR;2,000.00;;ALL OTHER STREETS;;RR;2,000.00;;BARANGAY:;BRGY 135 ZONE 13;;;;BARANGAY:;BRGY 97 ZONE 14;;;;EDSA;TAFT AVE ZAMORA;CR;12,000.00;;EDSA;TAFT AVE ZAMORA;RR;10,000.00;;PRES OSMENA TAFT AVE;PROTACIO ZAMORA;CR;10,000.00;;PRES OSMENA TAFT AVE;PROTACIO ZAMORA;RR;7,000.00;;PROTACIO;TAFT AVE ZAMORA;RR;3,000.00;;VERGEL;TAFT AVE ZAMORA;RR;3,000.00;;ZAMORA;PROTACIO EDSA;RR;3,000.00;;ALL OTHER STREETS;;RR;2,000.00;;BARANGAY:;BRGY 98 ZONE 14;;;;EDSA;TAFT AVE TRAMO LINE;CR;12,000.00;;EDSA;TAFT AVE TRAMO LINE;RR;10,000.00;;F MUNOZ TRAMO LINE;EDSA VERGEL;CR;5,000.00;;F MUNOZ TRAMO LINE;EDSA VERGEL;RR;4,000.00;;MAPAGKALINGA;TRAMO LINE ZAMORA;RR;2,000.00;;VERGEL;TRAMO LINE ZAMORA;RR;2,000.00;;ZAMORA;EDSA VERGEL;RR;2,000.00;;ALL OTHER STREETS;;RR;2,000.00;;BARANGAY:;BRGY 99 ZONE 14;;;;F MUNOZ TRAMO LINE;FRANCISCO VERGEL;CR;5,000.00;;F MUNOZ TRAMO LINE;FRANCISCO VERGEL;RR;4,000.00;;FRANCISCO;TRAMO LINE ZAMORA;RR;2,000.00;;LOPEZ;FRANCISCO VERGEL;RR;2,000.00;;VERGEL;TRAMO LINE ZAMORA;RR;2,000.00;;ZAMORA;FRANCISCO VERGEL;RR;2,000.00;;ALL OTHER STREETS;;RR;2,000.00;;BARANGAY:;BRGY 100 ZONE 14;;;;F MUNOZ;PROTACIO FRANCISCO;CR;5,000.00;;F MUNOZ;PROTACIO FRANCISCO;RR;4,000.00;;FRANCISCO;TRAMO LINE ZAMORA;RR;2,000.00;;LOPEZ;PROTACIO FRANCISCO;RR;2,000.00;;PROTACIO;TRAMO LINE ZAMORA;RR;2,000.00;;ZAMORA;PROTACIO ZAMORA;RR;2,000.00;;ALL OTHER STREETS;;RR;2,000.00;;BARANGAY:;BRGY 113 ZONE 14;;;;DIMASALANG;PROTACIO VERGEL;RR;2,000.00;;F MUNOZ TRAMO LINE;PROTACIO VERGEL;CR;5,000.00;;F MUNOZ TRAMO LINE;PROTACIO VERGEL;RR;4,000.00;;FRANCISCO;TRAMO LINE DIMASALAN;RR;2,000.00;;PROTACIO;TRAMO LINE DIMASALAN;RR;2,000.00;;VERGEL;TRAMO LINE DIMASALAN;RR;2,000.00;;ALL OTHER STREETS;;RR;2,000.00;;BARANGAY:;BRGY 114 ZONE 14;;;;CABRERA;PROTACIO M DELA CRUZ;RR;2,000.00;;DIMASALANG;PROTACIO M DELA CRUZ;RR;2,000.00;;M DE JESUS;CABRERA DIMASALANG;RR;2,000.00;;J PROTACIO;CABRERA DIMASALANG;RR;2,000.00;;ALL OTHER STREETS;;RR;2,000.00;;BARANGAY:;BRGY 115 ZONE 14;;;;CABRERA;;RR;2,000.00;;DIMASALANG;M DE JESUS GAMBAN;RR;2,000.00;;GAMBAN;;RR;2,000.00;;M DE JESUS;CABRERA DIMASALANG;RR;2,000.00;;RIVERA;;RR;2,000.00;;ALL OTHER STREETS;;RR;2,000.00;;BARANGAY:;BRGY 116 ZONE 14;;;;CABRERA;VERGEL HEMBRADOR;RR;2,000.00;;DIMASALANG;;RR;2,000.00;;HEMBRADOR;;RR;2,000.00;;VERGEL;DIMASALANG CABRERA;RR;2,000.00;;ALL OTHER STREETS;;RR;2,000.00;;BARANGAY:;BRGY 117 ZONE 14;;;;CABRERA;GAMBAN HEMBRADOR;RR;2,000.00;;GAMBAN;;RR;2,000.00;;HEMBRADOR;;RR;2,000.00;;ALL OTHER STREETS;;RR;2,000.00;;BARANGAY:;BRGY 118 ZONE 14;;;;EDSA;TRAMO LINE GARCIA;CR;12,000.00;;EDSA;TRAMO LINE GARCIA;RR;10,000.00;;F MUNOZ TRAMO LINE;EDSA VERGEL;CR;5,000.00;;F MUNOZ TRAMO LINE;EDSA VERGEL;RR;4,000.00;;GARCIA;EDSA VERGEL;RR;3,000.00;;VERGEL;TRAMO LINE GARCIA;RR;2,000.00;;ALL OTHER STREETS;;RR;2,000.00;;BARANGAY:;BRGY 119 ZONE 14;;;;CABRERA;EDSA VERGEL;RR;3,000.00;;EDSA;CABRERA GARCIA;CR;12,000.00;;EDSA;CABRERA GARCIA;RR;10,000.00;;GARCIA;EDSA VERGEL;RR;3,000.00;;REYES;VERGEL GARCIA;RR;2,000.00;;VERGEL;CABRERA GARCIA;RR;2,000.00;;ALL OTHER STREETS;;RR;2,000.00;;BARANGAY:;BRGY 136 ZONE 15;;;;BENITEZ;;RR;2,000.00;;CABRERA;PROTACIO GAMBAN;RR;2,000.00;;CAMIA;PROTACIO GAMBAN;RR;2,000.00;;GAMBAN;CABRERA CAMIA;RR;2,000.00;;M CLARA;;RR;2,000.00;;MORELOS;;RR;2,000.00;;PROTACIO;CABRERA CAMIA;RR;2,000.00;;RECTO;;RR;2,000.00;;ALL OTHER STREETS;;RR;2,000.00;;BARANGAY:;BRGY 137 ZONE 15;;;;CAMIA;PROTACIO GAMBAN;RR;2,000.00;;CHAMPACA;;RR;2,000.00;;GAMBAN;CAMIA MAKATI BDRY;RR;2,000.00;;ILANG ILANG;;RR;2,000.00;;PROTACIO;CAMIA MAKATI BDRY;RR;2,000.00;;ROSAL;PROTACIO GAMBAN;RR;2,000.00;;SAMPAGUITA;;RR;2,000.00;;ALL OTHER STREETS;;RR;2,000.00;;BARANGAY:;BRGY 138 ZONE 15;;;;BARANGAY:;BRGY 139 ZONE 15;;;;BARANGAY:;BRGY 140 ZONE 15;;;;BARANGAY:;BRGY 141 ZONE 15;;;;BARANGAY:;BRGY 142 ZONE 15;;;;BARANGAY:;BRGY 143 ZONE 15;;;;BARANGAY:;BRGY 144 ZONE 15;;;;BONIFACIO;;RR;2,000.00;;E RODRIGUEZ SR EXT;;RR;2,000.00;;EDSA;CREEK MAKATI BDRY;CR;12,000.00;;EDSA;CREEK MAKATI BDRY;RR;10,000.00;;M REYES;;RR;2,000.00;;PAPA;;RR;2,000.00;;WOOD;;RR;2,000.00;;ALL OTHER STREETS;;RR;2,000.00;;BARANGAY:;BRGY 145 ZONE 16;;;;PRES OSMENA;EDSA PQUE BDRY;CR;10,000.00;;PRES OSMENA;EDSA PQUE BDRY;RR;7,000.00;;ALL OTHER STREETS;;RR;2,000.00;;BARANGAY:;BRGY 146 ZONE 16;;;;EDSA;TAFT AVE REVILLA;CR;12,000.00;;EDSA;TAFT AVE REVILLA;RR;10,000.00;;PRES  OSMENA;;CR;10,000.00;;PRES  OSMENA;;RR;7,000.00;;REVILLA;EDSA SAN MARIANO;RR;3,000.00;;ALL OTHER STREETS;;RR;2,000.00;;BARANGAY:;BRGY 147 ZONE 16;;;;AURORA;EDSA LEGASPI;CR;5,000.00;;AURORA;EDSA LEGASPI;RR;4,000.00;;BUENAVENTURA;AURORA C CRUZ;RR;2,000.00;;C CRUZ;EDSA LEGASPI;RR;2,000.00;;EDSA;AURORA REVILLA;CR;12,000.00;;EDSA;AURORA REVILLA;RR;10,000.00;;LEGASPI;AURORA REVILLA;RR;2,000.00;;REVILLA;EDSA LEGASPI;RR;3,000.00;;ALL OTHER STREETS;;RR;2,000.00;;BARANGAY:;BRGY 148 ZONE 16;;;;APOLLO 10;;RR;2,000.00;;APOLLO 11;;RR;2,000.00;;APOLLO 12;;RR;2,000.00;;AURORA;LEGASPI CREEK;CR;5,000.00;;AURORA;LEGASPI CREEK;RR;4,000.00;;LEGASPI;AURORA REVILLA;RR;2,000.00;;S MARIANO;;RR;2,000.00;;SAN ROQUE;;RR;2,000.00;;ALL OTHER STREETS;;RR;2,000.00;;BARANGAY:;BRGY 149 ZONE 16;;;;BARANGAY:;BRGY 150 ZONE 16;;;;BARANGAY:;BRGY 151 ZONE 16;;;;BARANGAY:;BRGY 152 ZONE 16;;;;BARANGAY:;BRGY 153 ZONE 16;;;;BARANGAY:;BRGY 154 ZONE 16;;;;BARANGAY:;BRGY 155 ZONE 16;;;;BARANGAY:;BRGY 156 ZONE 16;;;;BARANGAY:;BRGY 157 ZONE 16;;;;BARANGAY:;BRGY 158 ZONE 17;;;;APELO CRUZ;CREEK RODRIGUEZ;RR;2,000.00;;E RODRIGUEZ;EDSA APELO CRUZ;RR;3,000.00;;EDSA;CREEK RODRIGUEZ;CR;12,000.00;;EDSA;CREEK RODRIGUEZ;RR;10,000.00;;ALL OTHER STREETS;;RR;2,000.00;;BARANGAY:;BRGY 159 ZONE 17;;;;C SANTOS;EDSA PATINIO;RR;3,000.00;;E RODRIGUEZ;EDSA PATINIO;RR;3,000.00;;EDSA;RODRIGUEZ C JOSE;CR;12,000.00;;EDSA;RODRIGUEZ C JOSE;RR;10,000.00;;ESTANISLAO;;RR;2,000.00;;FRANCISCO;;RR;2,000.00;;PATINIO;RODRIGUEZ C JOSE;RR;2,000.00;;ALL OTHER STREETS;;RR;2,000.00;;BARANGAY:;BRGY 160 ZONE 17;;;;C JOSE;PATINIO F CRUZ;RR;2,000.00;;E RODRIGUEZ;PATINIO F CRUZ;RR;2,000.00;;F CRUZ;RODRIGUEZ C CRUZ;RR;2,000.00;;PATINIO;RODRIGUEZ C CRUZ;RR;2,000.00;;ALL OTHER STREETS;;RR;2,000.00;;BARANGAY:;BRGY 161 ZONE 17;;;;APELO CRUZ;RODRIGUEZ C JOSE;RR;2,000.00;;C JOSE;APELO CRUZ PATINIO;RR;2,000.00;;CORNEJO;;RR;2,000.00;;DIONISIO;;RR;2,000.00;;DOMINGUEZ;APELO CRUZ F CRUZ;RR;2,000.00;;E RODRIGUEZ;F CRUZ APELO CRUZ;RR;2,000.00;;F CRUZ;RODRIGUEZ C JOSE;RR;2,000.00;;TOLENTINO;;RR;2,000.00;;ALL OTHER STREETS;;CR;3,000.00;;ALL OTHER STREETS;;RR;2,000.00;;BARANGAY:;BRGY 166 ZONE 17;;;;APELO;C JOSE P SANTOS;RR;2,000.00;;C JOSE;EDSA APELO CRUZ;RR;3,000.00;;EDSA;C JOSE P SANTOS;CR;12,000.00;;EDSA;C JOSE P SANTOS;RR;10,000.00;;F CRUZ;C JOSE P SANTOS;RR;2,000.00;;P SANTOS;EDSA APELO CRUZ;RR;3,000.00;;V CRUZ;C JOSE P SANTOS;RR;2,000.00;;ALL OTHER STREETS;;RR;2,000.00;;BARANGAY:;BRGY 169 ZONE 17;;;;BARANGAY:;BRGY 170 ZONE 17;;;;BARANGAY:;BRGY 171 ZONE 17;;;;DE GUZMAN;P SANTOS MAKATI BDRY;RR;2,000.00;;F CRUZ;P SANTOS MAKATI BDRY;RR;2,000.00;;P SANTOS;DE GUZMAN V VIZCARRA;RR;2,000.00;;V VIZCARRA;P SANTOS MAKATI BDRY;RR;2,000.00;;ALL OTHER STREETS;;RR;2,000.00;;BARANGAY:;BRGY 172 ZONE 17;;;;I SANTOS;;RR;2,000.00;;M GERONIMO;P SANTOS MAKATI BDRY;RR;2,000.00;;P SANTOS;V VIZCARRA GERONIMO;RR;2,000.00;;V VIZCARRA;P SANTOS MAKATI BDRY;RR;2,000.00;;ALL OTHER STREETS;;RR;2,000.00;;BARANGAY:;BRGY 173 ZONE 17;;;;M GERONIMO;P SANTOS MAKATI BDRY;RR;2,000.00;;M TENGCO;P SANTOS MAKATI BDRY;RR;2,000.00;;P SANTOS;M GERONIMO M TENGCO;RR;2,000.00;;ALL OTHER STREETS;;RR;2,000.00;;BARANGAY:;BRGY 174 ZONE 17;;;;APELO CRUZ EXT;P SANTOS MAKATI BDRY;RR;2,000.00;;M TENGCO;P SANTOS MAKATI BDRY;RR;2,000.00;;P SANTOS;M TENGCO A CRUZ EXT;RR;2,000.00;;ALL OTHER STREETS;;RR;2,000.00;;BARANGAY:;BRGY 162 ZONE 18;;;;APELO CRUZ;CREEK C JOSE;RR;2,000.00;;C JOSE;APELO CRUZ E CORNEJO;RR;2,000.00;;E CORNEJO;CREEK C JOSE;RR;2,000.00;;RODRIGUEZ;APELO CRUZ E CORNEJO;RR;2,000.00;;ALL OTHER STREETS;;RR;2,000.00;;ZONE 18 IS COMPOSED OF BARANGAYS 162 TO 165, 167, 168, 175 TO 177AND BOUNDED BY APELO CRUZ ON THE NORTH, CREEK ON THE SOUTH,MAKATI BOUNDARY ON THE EAST AND CREEK ON THE WEST.;;;;;BARANGAY:;BRGY 163 ZONE 18;;;;C JOSE;E CORNEJO VITALES;RR;2,000.00;;DE GUZMAN;;RR;2,000.00;;E CORNEJO;CREEK C JOSE;RR;2,000.00;;RODRIGUEZ;E CORNEJO DE GUZMAN;RR;2,000.00;;VITALES;C JOSE RODRIGUEZ;RR;2,000.00;;ALL OTHER STREETS;;RR;2,000.00;;BARANGAY:;BRGY 164 ZONE 18;;;;C JOSE;VITALES DE GUZMAN;RR;2,000.00;;DE GUZMAN;RODRIGUEZ C JOSE;RR;2,000.00;;RODRIGUEZ;VITALES DE GUZMAN;RR;2,000.00;;VITALES;RODRIGUEZ C JOSE;RR;2,000.00;;ALL OTHER STREETS;;RR;2,000.00;;BARANGAY:;BRGY 167 ZONE 18;;;;APELO CRUZ;C JOSE P SANTOS;RR;2,000.00;;C JOSE;APELO CRUZ MAYON;RR;2,000.00;;MAYON;C JOSE P SANTOS;RR;2,000.00;;P SANTOS;MAYON APELO CRUZ EXT;RR;2,000.00;;ALL OTHER STREETS;;RR;2,000.00;;BARANGAY:;BRGY 168 ZONE 18;;;;C JOSE;;RR;2,000.00;;DE GUZMAN;;RR;2,000.00;;MAYON;C JOSE P SANTOS;CR;3,000.00;;MAYON;C JOSE P SANTOS;RR;2,000.00;;P SANTOS;;RR;2,000.00;;ALL OTHER STREETS;;RR;2,000.00;;BARANGAY:;BRGY 175 ZONE 18;;;;APELO CRUZ EXT;;RR;2,000.00;;E FLORES;;RR;2,000.00;;P SANTOS;;RR;2,000.00;;R ESCANO;;RR;2,000.00;;ALL OTHER STREETS;;RR;2,000.00;;BARANGAY:;BRGY 176 ZONE 18;;;;APELO CRUZ EXT;;RR;2,000.00;;E FLORES;;RR;2,000.00;;ESTEBAN;;RR;2,000.00;;LIGAYA;;RR;2,000.00;;MARCELA;;RR;2,000.00;;R ESCANO;;RR;2,000.00;;ALL OTHER STREETS;;RR;2,000.00;;BARANGAY:;BRGY 177 ZONE 18;;;;DE GUZMAN;;RR;2,000.00;;ESTEBAN;;RR;2,000.00;;MARCELA;;RR;2,000.00;;MARCELO;;RR;2,000.00;;MAYOR;;RR;2,000.00;;P SANTOS;;RR;2,000.00;;ALL OTHER STREETS;;RR;2,000.00;;BARANGAY:;BRGY 165 ZONE 18;;;;C JOSE;DE GUZMAN CREEK;RR;2,000.00;;DE GUZMAN;;RR;2,000.00;;E RODRIGUEZ;;RR;2,000.00;;RODRIGUEZ;;RR;2,000.00;;ALL OTHER STREETS;;RR;2,000.00;;CONDOMINIUMS AND TOWNHOUSES;;;;;FIRST MARBELLA CONDOMINIUM ASS'N INC.;2223 ROXAS BLVD., PASAY CITY;RC;10,000.00;;SUNSET VIEW CONDOMINIUM;2230 ROXAS BLVD., PASAY CITY;RC;10,000.00;;SUNVAR CONDOMINIUM;COR. VILLARUEL & LUNA STS;RC;10,000.00;;PAGE DEVELOPMENT CORP;P BURGOS ST.;RC;10,000.00;;ALL NEW CONDOMINIUMS;;RC;15,000.00;"ALL NEW CONDOMINIUMS SHALL FALL WITHIN CATEGORY  ""A"" WITH A   VALUE OF P 15,000.00 OR THE PREVAILING MARKET VALUE WHICHEVER IS HIGHER.";RECLAIMED AREAS;;;;;PROPERTIES WITHIN THE RECLAIMED AREA;;;5,000.00;;